FLOYD’S TRIANGLE CONSISTS OF 26 LINES IN shuffled ORDER
1	
3	2	
4	5	6	
10	9	8	7	
11	12	13	14	15	
21	20	19	18	17	16	
22	23	24	25	26	27	28	
36	35	34	33	32	31	30	29	
37	38	39	40	41	42	43	44	45	
55	54	53	52	51	50	49	48	47	46	
56	57	58	59	60	61	62	63	64	65	66	
78	77	76	75	74	73	72	71	70	69	68	67	
79	80	81	82	83	84	85	86	87	88	89	90	91	
105	104	103	102	101	100	99	98	97	96	95	94	93	92	
106	107	108	109	110	111	112	113	114	115	116	117	118	119	120	
136	135	134	133	132	131	130	129	128	127	126	125	124	123	122	121	
137	138	139	140	141	142	143	144	145	146	147	148	149	150	151	152	153	
171	170	169	168	167	166	165	164	163	162	161	160	159	158	157	156	155	154	
172	173	174	175	176	177	178	179	180	181	182	183	184	185	186	187	188	189	190	
210	209	208	207	206	205	204	203	202	201	200	199	198	197	196	195	194	193	192	191	
211	212	213	214	215	216	217	218	219	220	221	222	223	224	225	226	227	228	229	230	231	
253	252	251	250	249	248	247	246	245	244	243	242	241	240	239	238	237	236	235	234	233	232	
254	255	256	257	258	259	260	261	262	263	264	265	266	267	268	269	270	271	272	273	274	275	276	
300	299	298	297	296	295	294	293	292	291	290	289	288	287	286	285	284	283	282	281	280	279	278	277	
301	302	303	304	305	306	307	308	309	310	311	312	313	314	315	316	317	318	319	320	321	322	323	324	325	
351	350	349	348	347	346	345	344	343	342	341	340	339	338	337	336	335	334	333	332	331	330	329	328	327	326	
POWERED BY JAVA. ENJOY OOP!
